jet_eta:
  max: 1.9999380111694336
  min: -1.999974012374878
  scale: 0.4474688470363617
  shift: -0.0006721809040755033
jet_nparticles:
  max: 147.0
  min: 15.0
  scale: 6.388067245483398
  shift: 56.307254791259766
jet_pt:
  max: 999.97998046875
  min: 500.0007019042969
  scale: 21.3860107421875
  shift: 618.2392578125
