jet_eta:
  max: 1.9998083114624023
  min: -1.9998857975006104
  scale: 0.4408181309700012
  shift: -0.0017120414413511753
jet_nparticles:
  max: 132.0
  min: 7.0
  scale: 5.877349853515625
  shift: 42.01504135131836
jet_pt:
  max: 999.9868774414062
  min: 500.0001220703125
  scale: 21.535946655273438
  shift: 619.108642578125
