jet_eta:
  max: 1.999997854232788
  min: -1.9999358654022217
  scale: 0.41609808802604675
  shift: -0.00018951165839098394
jet_nparticles:
  max: 150.0
  min: 2.0
  scale: 5.776615619659424
  shift: 27.64020347595215
jet_pt:
  max: 999.9962768554688
  min: 500.000244140625
  scale: 19.053814697265626
  shift: 599.2097778320312
