jet_eta:
  max: 1.999972939491272
  min: -1.999993920326233
  scale: 0.4321666657924652
  shift: -0.000971563917119056
jet_nparticles:
  max: 147.0
  min: 15.0
  scale: 6.26499080657959
  shift: 50.84587860107422
jet_pt:
  max: 999.9866333007812
  min: 500.00006103515625
  scale: 20.910671997070313
  shift: 617.3594970703125
