jet_eta:
  max: 1.9999594688415527
  min: -1.9998992681503296
  scale: 0.4446355104446411
  shift: -0.0006647112895734608
jet_nparticles:
  max: 137.0
  min: 10.0
  scale: 5.521640777587891
  shift: 48.507591247558594
jet_pt:
  max: 999.9888916015625
  min: 500.0007019042969
  scale: 22.146141052246094
  shift: 625.3876342773438
