jet_eta:
  max: 1.9999998807907104
  min: -1.9996618032455444
  scale: 0.443062424659729
  shift: -0.0006042848690412939
jet_nparticles:
  max: 128.0
  min: 7.0
  scale: 5.777472019195557
  shift: 38.37200927734375
jet_pt:
  max: 999.9818115234375
  min: 500.0000305175781
  scale: 21.725006103515625
  shift: 620.7066650390625
