jet_eta:
  max: 1.9999958276748657
  min: -1.9999948740005493
  scale: 0.49901166558265686
  shift: 0.0008086843881756067
jet_nparticles:
  max: 120.0
  min: 6.0
  scale: 4.982473373413086
  shift: 32.16331481933594
jet_pt:
  max: 999.9910278320312
  min: 500.0001220703125
  scale: 21.37263641357422
  shift: 617.694091796875
