jet_eta:
  max: 1.999887228012085
  min: -1.9996346235275269
  scale: 0.42524802684783936
  shift: 0.00042135565308853984
jet_nparticles:
  max: 121.0
  min: 2.0
  scale: 5.076709747314453
  shift: 28.33757972717285
jet_pt:
  max: 999.9738159179688
  min: 500.00030517578125
  scale: 21.192254638671876
  shift: 616.039794921875
