jet_eta:
  max: 1.9999840259552002
  min: -1.9999237060546875
  scale: 0.4600372314453125
  shift: 0.0011138718109577894
jet_nparticles:
  max: 123.0
  min: 4.0
  scale: 5.285765647888184
  shift: 33.871490478515625
jet_pt:
  max: 999.991943359375
  min: 500.0002136230469
  scale: 21.453594970703126
  shift: 618.5133666992188
