jet_eta:
  max: 1.9999746084213257
  min: -1.9999592304229736
  scale: 0.44296613335609436
  shift: 0.0026255305856466293
jet_nparticles:
  max: 153.0
  min: 1.0
  scale: 8.582818984985352
  shift: 35.207027435302734
jet_pt:
  max: 999.9961547851562
  min: 500.000244140625
  scale: 22.57070007324219
  shift: 628.58984375
